103426
2417
7622
124
101125
9773
2240
102064
8659
3829
5296
9305
2723
9875
3496
8060
9287
6404
8545
101443
101341
4893
2119
3542
7171
6306
8549
8423
8270
2084
6147
7293
5579
2107
9981
1060
7815
9077
8742
4899
7629
7790
3853
6094
7663
8928
5967
4796
4119
1372
8525
3612
798
2490
1199
6276
6316
574
8600
6698
4689
4427
7708
2646
7523
7484
9664
6423
4169
2705
194
8502
4056
8407
3673
7544
1580
1099
4477
2775
7769
1808
809
5523
2306
4111
6608
2501
6922
814
8606
2117
345
4900
2449
221
1361
8732
920
589
